0.508753
0.3535
0.354545
0.32621
0.625359
0.251643
0.260553
0.20534
0.49202
0.508753
0.393687
0.411666
0.434306
0.603423
0.322043
0.314924
0.345939
0.49202
0.445277
0.363261
0.393687
0.386463
0.696811
0.329132
0.254069
0.269574
0.445277
0.580625
0.658449
0.594209
0.583381
0.70798
0.380815
0.339417
0.270606
0.543884
0.505379
0.393882
0.38598
0.32393
0.624646
0.249666
0.316859
0.341116
0.487361
0.505379
0.393882
0.412355
0.317411
0.639074
0.291137
0.332907
0.341116
0.505999
0.499
0.518249
0.422529
0.34329
0.505528
0.321906
0.322732
0.300611
0.475872
0.619823
0.619823
0.564321
0.471956
0.542847
0.270867
0.330429
0.341116
0.662758
0.494263
0.396197
0.341819
0.280782
0.644732
0.393235
0.288331
0.323236
0.494263
0.494263
0.368686
0.299205
0.19068
0.44442
0.308451
0.42041
0.316615
0.494263
0.512718
0.45708
0.414305
0.346809
0.726068
0.443932
0.339586
0.570621
0.601376
0.749033
0.45708
0.334175
0.308451
0.563031
0.345153
0.307554
0.323236
0.667485
0.492828
0.330761
0.358597
0.27363
0.534941
0.380821
0.30012
0.261327
0.489788
0.492828
0.312703
0.338079
0.205701
0.587345
0.341109
0.273672
0.241549
0.492828
0.65858
0.348024
0.360255
0.315434
0.657446
0.593143
0.483519
0.410906
0.610095
0.509215
0.342007
0.336027
0.315434
0.581743
0.313571
0.352326
0.410906
0.509215
0.533773
0.23317
0.254673
0.250537
0.616596
0.396602
0.470313
0.294512
0.491144
0.533773
0.200799
0.275536
0.207445
0.689416
0.18744
0.434652
0.34593
0.49453
0.671026
0.24773
0.307269
0.473845
0.886806
0.67655
0.488581
0.472498
0.498158
0.645405
0.202481
0.309571
0.225573
0.536459
0.266036
0.475662
0.422917
0.645405
0.49909
0.254079
0.304796
0.206047
0.638082
0.206801
0.340124
0.257231
0.493688
0.49909
0.238835
0.434807
0.252653
0.815882
0.225859
0.385677
0.348259
0.49909
0.656819
0.230223
0.28819
0.217336
0.761947
0.336279
0.746321
0.634011
0.740242
0.527622
0.344254
0.373798
0.192685
0.633526
0.190273
0.421535
0.464531
0.527679
0.492275
0.229297
0.260328
0.162414
0.680644
0.162966
0.340775
0.340775
0.492275
0.492275
0.255289
0.27556
0.306215
0.609648
0.212098
0.412243
0.282618
0.508743
0.509181
0.309167
0.301026
0.177054
0.758635
0.340775
0.365021
0.590387
0.639777
0.59263
0.406372
0.411959
0.309956
0.747316
0.340775
0.353995
0.409548
0.527502
0.495655
0.227604
0.367539
0.185576
0.425545
0.38549
0.448873
0.304817
0.494
0.495655
0.267628
0.27549
0.209315
0.485237
0.257101
0.384762
0.307251
0.495655
0.530952
0.284047
0.367123
0.200693
0.677743
0.448873
0.448873
0.415899
0.485546
0.529482
0.661249
0.559029
0.309632
0.537938
0.349756
0.455026
0.415899
0.560566
0.500074
0.24066
0.282105
0.304013
0.411456
0.247181
0.319436
0.319436
0.480812
0.500074
0.411609
0.292023
0.242204
0.531908
0.247518
0.238905
0.279419
0.500074
0.514505
0.52062
0.411609
0.31276
0.867638
0.315363
0.409758
0.405675
0.58087
0.691772
0.62484
0.634804
0.344335
0.671645
0.315363
0.330861
0.332924
0.649626
0.48793
0.339621
0.28504
0.186139
0.554096
0.262632
0.200954
0.202762
0.503026
0.503026
0.348433
0.348433
0.309912
0.595663
0.104177
0.29882
0.235845
0.503026
0.51945
0.479183
0.337471
0.189401
0.62113
0.517791
0.565777
0.565777
0.512211
0.678918
0.583559
0.482382
0.439253
0.681019
0.361442
0.51181
0.347883
0.644768
0.559318
0.262505
0.29738
0.295341
0.40723
0.125147
0.167408
0.121133
0.536564
0.559318
0.379927
0.382197
0.45713
0.690616
0.357509
0.304607
0.1616
0.536564
0.650264
0.499264
0.345392
0.336139
0.4416
0.29738
0.416364
0.336139
0.676516
0.551038
0.506069
0.553955
0.578812
0.768561
0.302225
0.501774
0.293127
0.551038
0.488009
0.338227
0.30299
0.307098
0.43468
0.167513
0.207625
0.316345
0.494325
0.488009
0.349156
0.349156
0.450263
0.595684
0.45903
0.325997
0.320949
0.494325
0.63764
0.46707
0.334597
0.349156
0.538588
0.257494
0.465071
0.409549
0.747571
0.779164
0.46707
0.515552
0.450263
0.741329
0.537293
0.382608
0.430415
0.519369
0.452521
0.40379
0.336296
0.318952
0.358163
0.318306
0.410916
0.410916
0.452521
0.469588
0.362358
0.312977
0.318952
0.434966
0.452712
0.346242
0.400314
0.452521
0.697633
0.478664
0.295552
0.312977
0.53306
0.361039
0.53677
0.510567
0.667982
0.609248
0.478664
0.407393
0.312977
0.634489
0.452712
0.410916
0.45889
0.57813
0.45078
0.323598
0.371617
0.376555
0.418081
0.388478
0.357103
0.419986
0.45078
0.45078
0.344014
0.294973
0.213976
0.53195
0.32136
0.468231
0.396655
0.45078
0.692872
0.405798
0.374387
0.395204
0.648353
0.519455
0.572321
0.572321
0.692872
0.552385
0.405798
0.29538
0.330937
0.552385
0.388478
0.449241
0.449241
0.552385
0.40339
0.348942
0.388703
0.344675
0.480624
0.398532
0.493039
0.436052
0.40339
0.375754
0.276765
0.459391
0.237264
0.549287
0.553467
0.532758
0.358044
0.384765
0.557971
0.32159
0.335298
0.347483
0.673162
0.486926
0.621839
0.621839
0.556287
0.540479
0.306463
0.459391
0.319087
0.66061
0.419467
0.521985
0.365891
0.565909
0.360547
0.33513
0.383955
0.402233
0.686287
0.386874
0.308994
0.29947
0.360547
0.424732
0.450046
0.472071
0.485419
0.606969
0.408866
0.317203
0.317203
0.424525
0.389461
0.297479
0.458815
0.457401
0.686287
0.310965
0.331275
0.331275
0.423264
0.450449
0.533728
0.582686
0.582686
0.800563
0.449806
0.376417
0.328049
0.481994
0.446939
0.368971
0.408282
0.395331
0.498158
0.352155
0.240798
0.356999
0.446939
0.446939
0.389484
0.415915
0.368919
0.655125
0.206539
0.333903
0.291301
0.446939
0.435632
0.389484
0.415915
0.395331
0.523986
0.329857
0.352678
0.456455
0.456455
0.529742
0.389484
0.485519
0.373964
0.896234
0.323583
0.32394
0.456455
0.485519
0.439342
0.384932
0.453836
0.281659
0.703711
0.334819
0.177069
0.239424
0.439342
0.439342
0.400118
0.359354
0.328943
0.509777
0.378958
0.305345
0.305482
0.439342
0.439029
0.400118
0.400118
0.339985
0.703711
0.475214
0.475214
0.486723
0.717668
0.638039
0.437364
0.425834
0.426365
0.553665
0.428214
0.390628
0.405376
0.49718
0.471692
0.36021
0.387538
0.387538
0.587017
0.51542
0.320183
0.368378
0.46825
0.46825
0.282944
0.400002
0.326174
0.464528
0.293905
0.64487
0.368378
0.46825
0.587537
0.363056
0.387538
0.424228
0.847788
0.515831
0.599848
0.372182
0.569685
0.587537
0.383127
0.319241
0.304299
0.636819
0.293905
0.270871
0.346913
0.552329
0.527244
0.371594
0.40038
0.563496
0.885435
0.373175
0.430521
0.326565
0.473945
0.473945
0.204143
0.330572
0.173159
0.551734
0.137925
0.350038
0.326565
0.473945
0.586526
0.365733
0.371594
0.421777
0.725093
0.423002
0.387009
0.357797
0.534308
0.586526
0.506569
0.404399
0.236264
0.45162
0.233229
0.302369
0.357797
0.550664
0.470712
0.17032
0.194971
0.231906
0.615777
0.233919
0.45709
0.32131
0.470712
0.524589
0.195979
0.333526
0.189711
0.534707
0.210932
0.295848
0.350839
0.524589
0.56071
0.412124
0.433294
0.337381
0.828512
0.375711
0.523438
0.485697
0.486132
0.56071
0.49383
0.643338
0.262099
0.632753
0.362133
0.44636
0.388233
0.533422
0.471656
0.189256
0.345549
0.119061
0.635793
0.328777
0.328777
0.365179
0.471656
0.535678
0.29437
0.284425
0.264379
0.631407
0.328777
0.328777
0.365179
0.535678
0.494399
0.420042
0.344883
0.223049
0.585146
0.370722
0.468596
0.44984
0.465243
0.607567
0.542643
0.729947
0.615063
0.708023
0.328777
0.440458
0.44984
0.527918
0.479099
0.29065
0.347986
0.266431
0.569791
0.380119
0.380119
0.359935
0.479099
0.492762
0.382747
0.442339
0.20772
0.541314
0.230584
0.374568
0.344855
0.492762
0.530617
0.362799
0.442339
0.35163
0.562513
0.380119
0.508632
0.508632
0.624905
0.61162
0.515668
0.500159
0.404858
0.604711
0.248983
0.443366
0.358152
0.588117
0.45696
0.546118
0.546118
0.198761
0.491472
0.183084
0.303335
0.287526
0.45696
0.463448
0.392722
0.389632
0.179302
0.508571
0.338132
0.367059
0.350958
0.463448
0.534269
0.465715
0.389632
0.437919
0.62219
0.461782
0.577359
0.267385
0.534269
0.532787
0.465715
0.441606
0.346347
0.710151
0.311878
0.292717
0.303487
0.571921
0.440082
0.391364
0.303881
0.10297
0.503639
0.320551
0.301208
0.320551
0.440082
0.518058
0.380558
0.323911
0.213236
0.677398
0.370517
0.449175
0.284359
0.518058
0.498753
0.460613
0.463962
0.288045
0.644844
0.320551
0.320551
0.320551
0.498753
0.544915
0.460613
0.404153
0.357442
0.867429
0.291143
0.284917
0.370517
0.534417
0.448472
0.356732
0.327293
0.276647
0.477519
0.372156
0.351272
0.214672
0.448472
0.528129
0.356732
0.319476
0.490977
0.656358
0.455001
0.45556
0.33505
0.528129
0.498753
0.384916
0.252203
0.199092
0.599858
0.372156
0.262712
0.299202
0.498753
0.611457
0.384916
0.350651
0.484483
0.732311
0.372156
0.409532
0.333086
0.538289
0.44086
0.351939
0.314986
0.335476
0.355495
0.338692
0.297455
0.350648
0.44086
0.492575
0.351668
0.342495
0.335476
0.561972
0.668753
0.532637
0.350648
0.492575
0.498753
0.37566
0.365532
0.313791
0.578462
0.377698
0.351257
0.395798
0.522269
0.593665
0.47186
0.662845
0.500496
0.7253
0.457983
0.478537
0.416797
0.527478
0.434595
0.369072
0.31453
0.16806
0.446309
0.367557
0.387144
0.405131
0.434595
0.434595
0.369072
0.211551
0.176208
0.654217
0.533328
0.533328
0.472524
0.468385
0.498753
0.316339
0.392568
0.392568
0.627919
0.389881
0.418988
0.418988
0.498753
0.581851
0.363281
0.427024
0.495574
0.694076
0.441447
0.442806
0.420388
0.498753
0.406035
0.338576
0.243891
0.260174
0.638813
0.381854
0.416563
0.450904
0.406035
0.406035
0.338576
0.281618
0.340727
0.505937
0.406421
0.416563
0.414518
0.406035
0.498753
0.363199
0.346047
0.313724
0.99067
0.462571
0.64689
0.62901
0.521774
0.526798
0.371842
0.339709
0.348821
0.523691
0.416563
0.466925
0.381573
0.527905
0.385025
0.199502
0.335577
0.423901
0.623615
0.47799
0.437362
0.345112
0.385025
0.342518
0.270451
0.307228
0.362854
0.704611
0.409192
0.443698
0.322863
0.345154
0.616458
0.397225
0.423901
0.423901
0.761656
0.588791
0.633422
0.633422
0.663354
0.470566
0.358335
0.358335
0.409192
0.704611
0.421783
0.443698
0.379164
0.515911
0.480842
0.385028
0.378445
0.394134
0.704616
0.345836
0.381812
0.440912
0.491181
0.563942
0.410999
0.446176
0.47221
0.697666
0.451609
0.510374
0.537881
0.563942
0.500471
0.472423
0.410999
0.394134
0.704616
0.34223
0.201157
0.257286
0.567365
0.52906
0.512597
0.446176
0.47221
0.731331
0.451609
0.428679
0.49339
0.551448
0.497418
0.364964
0.384895
0.434272
0.539132
0.374456
0.38808
0.458545
0.497418
0.497418
0.352667
0.416333
0.416333
0.696083
0.360319
0.410179
0.458545
0.497418
0.505742
0.461888
0.384571
0.434272
0.539132
0.312888
0.300106
0.525664
0.567714
0.47446
0.461888
0.408213
0.416333
0.863623
0.369866
0.369486
0.392489
0.570772
0.494159
0.406511
0.422458
0.473819
0.704312
0.302486
0.336991
0.409824
0.494159
0.494159
0.362157
0.362157
0.431564
0.681502
0.327398
0.401988
0.409824
0.494159
0.466143
0.416818
0.367177
0.422458
0.704312
0.378862
0.342233
0.352642
0.501266
0.502819
0.540411
0.367177
0.58274
0.681502
0.406389
0.35962
0.408865
0.557873
0.52011
0.52011
0.52011
0.48747
0.544194
0.289823
0.328791
0.389552
0.511774
0.503506
0.328837
0.321945
0.337633
0.367978
0.158541
0.166368
0.38133
0.503506
0.498522
0.385844
0.340832
0.397981
0.544194
0.386908
0.336645
0.430313
0.526357
0.583707
0.485388
0.331051
0.556253
0.504284
0.255861
0.336645
0.456444
0.693643
0.498753
0.471718
0.471718
0.403724
0.611798
0.209887
0.273567
0.336168
0.498753
0.519283
0.373557
0.346889
0.300877
0.668267
0.183944
0.338427
0.37751
0.5158
0.498718
0.411017
0.300289
0.370224
0.380393
0.301181
0.407495
0.481775
0.542837
0.542923
0.5462
0.458627
0.430107
0.668267
0.452357
0.336168
0.481775
0.613877
0.498609
0.434154
0.269364
0.319535
0.553514
0.233767
0.339096
0.370159
0.498609
0.499786
0.393895
0.433359
0.209735
0.439885
0.395481
0.420414
0.405562
0.499786
0.550157
0.467121
0.369133
0.352563
0.553514
0.351346
0.351346
0.474483
0.584646
0.539731
0.585503
0.672966
0.565418
0.508959
0.395481
0.330125
0.41731
0.598987
0.504926
0.309977
0.180001
0.117647
0.426785
0.415153
0.34692
0.34692
0.490274
0.504926
0.422978
0.500084
0.405021
0.499025
0.39575
0.414833
0.414833
0.490274
0.498753
0.446688
0.399889
0.335642
0.460573
0.415153
0.344193
0.344193
0.498753
0.559208
0.468188
0.500084
0.45696
0.499025
0.377489
0.344193
0.344183
0.646104
0.512723
0.35435
0.431217
0.423396
0.516252
0.381779
0.384622
0.354414
0.488364
0.512723
0.381761
0.431217
0.380318
0.453079
0.320524
0.362843
0.336288
0.488364
0.526695
0.408151
0.431217
0.336337
0.516252
0.423396
0.384622
0.349486
0.498753
0.529101
0.408151
0.431014
0.417076
0.463113
0.384622
0.362843
0.335911
0.529101
0.510249
0.448737
0.510249
0.391828
0.483097
0.428811
0.455848
0.327463
0.548247
0.486021
0.358927
0.359396
0.330706
0.483097
0.297022
0.252315
0.28558
0.548247
0.557021
0.387912
0.427502
0.346888
0.483097
0.588876
0.480049
0.402331
0.556923
0.569185
0.68705
0.462123
0.369275
0.483097
0.345346
0.363564
0.402331
0.543444
0.522597
0.457089
0.330667
0.267832
0.504624
0.311166
0.223723
0.338893
0.522597
0.648986
0.39598
0.346729
0.186258
0.454196
0.40417
0.398647
0.40417
0.648986
0.498753
0.405053
0.33904
0.274265
0.487744
0.353204
0.549061
0.436323
0.499785
0.606086
0.405053
0.364847
0.282137
0.430697
0.328794
0.378331
0.375762
0.589111
0.498114
0.390663
0.402411
0.168955
0.580311
0.335302
0.352963
0.341515
0.498114
0.617419
0.390663
0.310062
0.236306
0.482082
0.426832
0.372164
0.372164
0.617419
0.506293
0.390663
0.328566
0.262456
0.580311
0.471863
0.41407
0.539177
0.521978
0.70079
0.390663
0.382783
0.319163
0.486414
0.412206
0.317164
0.424365
0.647821
0.498748
0.365191
0.365191
0.155799
0.60152
0.34449
0.361844
0.349958
0.498748
0.504297
0.365191
0.365191
0.294936
0.399296
0.549908
0.629922
0.512153
0.507098
0.539016
0.420864
0.322552
0.326828
0.60152
0.361844
0.366003
0.366003
0.566761
0.526974
0.492723
0.492723
0.380246
0.406998
0.342503
0.433348
0.341573
0.566761
0.498753
0.468677
0.347646
0.301958
0.658527
0.381093
0.39093
0.408394
0.498753
0.498753
0.360739
0.357249
0.455911
0.637115
0.570337
0.596664
0.507669
0.498753
0.497813
0.394831
0.354626
0.353954
0.658527
0.368181
0.363287
0.35286
0.497813
0.568978
0.420783
0.37881
0.455911
0.637115
0.41403
0.45491
0.373802
0.501543
0.498326
0.373301
0.475869
0.374621
0.682454
0.439429
0.476772
0.372066
0.498326
0.498326
0.404877
0.364884
0.334203
0.560554
0.444852
0.397818
0.426636
0.498326
0.495326
0.361265
0.370017
0.384107
0.76574
0.601791
0.476772
0.330159
0.495326
0.566548
0.359851
0.339762
0.418998
0.560554
0.444852
0.397818
0.225989
0.509206
0.505267
0.505267
0.435071
0.434286
0.685886
0.480886
0.476727
0.424229
0.533055
0.486711
0.442417
0.387391
0.38331
0.704616
0.451101
0.381768
0.401748
0.486711
0.652395
0.291594
0.441796
0.391526
0.679694
0.502543
0.502543
0.389852
0.610443
0.488303
0.440495
0.195897
0.38331
0.704616
0.451101
0.354117
0.400844
0.519461
0.416434
0.352419
0.397511
0.433433
0.704613
0.346623
0.316043
0.266144
0.41324
0.41324
0.471923
0.338233
0.430531
0.704551
0.407687
0.465533
0.485607
0.647036
0.53338
0.275313
0.325936
0.414212
0.704613
0.406917
0.359365
0.343509
0.473984
0.717082
0.49042
0.49042
0.479258
0.767347
0.509113
0.346209
0.378844
0.522562
0.548191
0.464825
0.394954
0.412395
0.575996
0.365118
0.227918
0.376041
0.521686
0.548191
0.423076
0.329238
0.452513
0.704283
0.435969
0.291387
0.352413
0.55411
0.502319
0.464825
0.329238
0.422741
0.575996
0.382303
0.40026
0.375297
0.527263
0.654388
0.556119
0.465338
0.45189
0.716602
0.440371
0.402121
0.490678
0.552134
0.510968
0.467626
0.355222
0.479911
0.704588
0.387085
0.329854
0.391416
0.489716
0.510968
0.467626
0.353436
0.3882
0.695389
0.363119
0.398496
0.534616
0.534616
0.498096
0.419598
0.328323
0.461726
0.704588
0.462968
0.495145
0.495145
0.602132
0.513381
0.419598
0.416387
0.337925
0.695389
0.371635
0.384225
0.384225
0.602132
0.532139
0.466043
0.396489
0.402994
0.647454
0.329265
0.303296
0.472135
0.497327
0.532139
0.335404
0.295479
0.340383
0.680224
0.331994
0.351379
0.472135
0.497327
0.497488
0.391701
0.301583
0.342129
0.75789
0.428634
0.428634
0.495021
0.570404
0.616568
0.616568
0.603295
0.37742
0.680224
0.303101
0.321872
0.332708
0.600396
0.527302
0.42779
0.265857
0.229337
0.571296
0.37303
0.411334
0.39076
0.489538
0.527302
0.409497
0.356003
0.452158
0.701727
0.515634
0.332678
0.391648
0.579705
0.603448
0.46058
0.378194
0.326166
0.597248
0.241696
0.324124
0.410091
0.611997
0.600685
0.473667
0.469983
0.452158
0.701727
0.41316
0.411539
0.518721
0.598844
0.526689
0.404643
0.370116
0.289123
0.581152
0.327298
0.36511
0.353743
0.499345
0.602053
0.404643
0.484093
0.464095
0.57666
0.424778
0.38416
0.406516
0.602053
0.503596
0.38558
0.414443
0.364845
0.581152
0.426705
0.352104
0.353743
0.581426
0.643925
0.573122
0.484985
0.633224
0.688845
0.453118
0.421643
0.392651
0.643925
0.54474
0.391234
0.414421
0.421928
0.530321
0.390296
0.345465
0.306282
0.467634
0.567122
0.38209
0.414421
0.363704
0.605171
0.485424
0.413888
0.325283
0.503866
0.568825
0.38209
0.414421
0.483908
0.530321
0.390296
0.341164
0.414894
0.551999
0.566536
0.397773
0.414421
0.410886
0.613833
0.435593
0.385773
0.414894
0.611394
0.551248
0.354962
0.433739
0.338024
0.667167
0.394021
0.347923
0.349982
0.495596
0.551248
0.329845
0.365284
0.403374
0.649327
0.373286
0.386659
0.416584
0.495596
0.521353
0.372564
0.365284
0.387828
0.667167
0.43149
0.416584
0.416584
0.611792
0.580732
0.379836
0.433739
0.388234
0.649327
0.394916
0.378219
0.332385
0.611792
0.533683
0.403911
0.405282
0.486075
0.57704
0.479098
0.38177
0.408734
0.485388
0.540582
0.463352
0.423095
0.339891
0.498625
0.304808
0.425764
0.425764
0.548059
0.533299
0.407057
0.423095
0.389652
0.598163
0.479098
0.429005
0.467258
0.493777
0.635495
0.407057
0.423095
0.446182
0.498625
0.334218
0.361362
0.408484
0.547844
0.560861
0.491728
0.464597
0.464597
0.704462
0.325004
0.346844
0.380945
0.512975
0.55993
0.412401
0.442789
0.283625
0.624472
0.346699
0.338209
0.380945
0.524275
0.518154
0.412401
0.464597
0.381628
0.749862
0.400814
0.400814
0.389783
0.495099
0.562353
0.392674
0.286666
0.364992
0.624472
0.389174
0.360733
0.382104
0.605941
0.497779
0.533728
0.497779
0.358565
0.689488
0.387659
0.352202
0.424486
0.497218
0.501224
0.533728
0.417271
0.515896
0.596692
0.342906
0.450563
0.525235
0.501224
0.544629
0.329838
0.304254
0.418261
0.689488
0.344961
0.374985
0.433124
0.520153
0.544629
0.355413
0.450587
0.587808
0.682956
0.371561
0.360435
0.433124
0.603939
0.816673
0.644874
0.619276
0.418021
0.679726
0.279659
0.337605
0.378733
0.533894
0.498753
0.463963
0.390811
0.48449
0.723454
0.441876
0.394768
0.394768
0.533894
0.564901
0.33342
0.349225
0.428781
0.832883
0.327657
0.521707
0.475408
0.564901
0.565435
0.427215
0.427215
0.48449
0.718994
0.403155
0.369628
0.475408
0.586288
0.498753
0.478421
0.341236
0.382944
0.700191
0.347777
0.338961
0.316723
0.503243
0.503243
0.456635
0.317909
0.425278
0.704613
0.465548
0.507334
0.476725
0.503243
0.476482
0.41464
0.615607
0.408209
0.700191
0.338961
0.341977
0.483991
0.483991
0.476482
0.491663
0.628351
0.465548
0.704613
0.396715
0.308493
0.443602
0.483991
0.624142
0.435524
0.348027
0.409125
0.704616
0.369677
0.5016
0.338023
0.504481
0.571014
0.347353
0.348027
0.409151
0.543885
0.474238
0.427268
0.322401
0.490547
0.479075
0.324322
0.436913
0.409125
0.737586
0.461537
0.428784
0.445198
0.565666
0.479075
0.292155
0.415484
0.43881
0.543885
0.404136
0.37769
0.445198
0.479075
0.493982
0.407153
0.374404
0.403755
0.768838
0.466845
0.329658
0.348753
0.493982
0.493982
0.475301
0.277909
0.368786
0.704616
0.463294
0.367434
0.352883
0.436559
0.688977
0.316598
0.403755
0.451127
0.804799
0.42944
0.524921
0.524921
0.557505
0.454551
0.411126
0.371143
0.427326
0.721801
0.391164
0.396777
0.419351
0.515748
0.405592
0.310093
0.310093
0.383166
0.704438
0.410191
0.405781
0.314776
0.362083
0.405592
0.37228
0.310093
0.382157
0.701844
0.440166
0.440166
0.405781
0.405592
0.582267
0.457737
0.38807
0.377408
0.704438
0.410191
0.384829
0.384829
0.488907
0.582267
0.468716
0.443511
0.465455
0.701844
0.410191
0.440166
0.405781
0.550249
0.371316
0.323561
0.353433
0.394074
0.559652
0.377534
0.384883
0.33938
0.442546
0.397715
0.358085
0.323561
0.409314
0.982952
0.396822
0.396822
0.356617
0.442546
0.522857
0.439546
0.382321
0.394074
0.559652
0.421582
0.396822
0.371919
0.500175
0.522857
0.439546
0.405176
0.35849
0.698758
0.465814
0.420328
0.386144
0.518046
0.404823
0.404823
0.301093
0.374622
0.676932
0.364438
0.37226
0.37226
0.468115
0.448197
0.399911
0.379054
0.297214
0.67195
0.334774
0.344203
0.37226
0.462413
0.478912
0.391934
0.353708
0.321515
0.676932
0.506959
0.522531
0.459829
0.570639
0.519169
0.445633
0.433438
0.327724
0.67195
0.301637
0.472521
0.459829
0.570639
0.477627
0.420003
0.376173
0.313858
0.417856
0.333877
0.333311
0.37301
0.477627
0.477627
0.380951
0.34084
0.279984
0.687441
0.333877
0.257634
0.323583
0.477627
0.484601
0.380951
0.354956
0.406982
0.491831
0.414414
0.593454
0.593454
0.620528
0.539101
0.420384
0.371276
0.37912
0.687441
0.37301
0.341073
0.427174
0.539101
0.498692
0.375129
0.339885
0.348645
0.69777
0.306029
0.250755
0.164692
0.498692
0.498692
0.375129
0.444125
0.448429
0.627498
0.411657
0.358906
0.411657
0.498692
0.506553
0.431523
0.339885
0.386047
0.69777
0.47183
0.340617
0.327712
0.525457
0.506553
0.451591
0.392945
0.37761
0.627498
0.393935
0.346267
0.497627
0.525457
0.498742
0.626053
0.626053
0.402028
0.605964
0.322156
0.309353
0.244425
0.498742
0.498742
0.380745
0.379701
0.358094
0.503341
0.503341
0.496395
0.394011
0.498742
0.535824
0.396607
0.421237
0.32383
0.616037
0.341484
0.342797
0.384631
0.591659
0.66377
0.396607
0.388983
0.373101
0.496378
0.503341
0.397759
0.397759
0.679201
0.498753
0.53181
0.468464
0.424368
0.426268
0.375765
0.430309
0.335318
0.498753
0.498753
0.352115
0.401627
0.37869
0.541013
0.486975
0.407781
0.407781
0.498753
0.48943
0.364868
0.424368
0.424368
0.423117
0.361596
0.430309
0.430309
0.584604
0.519001
0.519001
0.519001
0.396581
0.486975
0.426215
0.430309
0.407781
0.513033
0.506584
0.406347
0.409847
0.409847
0.396688
0.342206
0.380841
0.369535
0.513877
0.498753
0.406347
0.470647
0.332387
0.547377
0.402868
0.380841
0.380841
0.498753
0.513527
0.332253
0.470647
0.342507
0.350151
0.341942
0.368883
0.368883
0.565914
0.513527
0.347373
0.470647
0.396502
0.54299
0.48621
0.402868
0.370002
0.565914
0.49874
0.480857
0.502151
0.422154
0.516515
0.370915
0.348626
0.344084
0.49874
0.49874
0.480857
0.465742
0.263784
0.488885
0.348129
0.43629
0.484204
0.49874
0.509312
0.345962
0.465742
0.373783
0.516515
0.516515
0.44357
0.44357
0.548084
0.576561
0.318218
0.327313
0.315399
0.52122
0.341454
0.332542
0.424136
0.548084
0.587095
0.690216
0.635012
0.426915
0.645776
0.323438
0.342625
0.371553
0.498742
0.498742
0.367233
0.30415
0.338152
0.5881
0.378661
0.524267
0.524267
0.524267
0.576905
0.290152
0.423102
0.471177
0.6104
0.258678
0.448535
0.453159
0.563226
0.576905
0.338015
0.338015
0.38973
0.5881
0.393911
0.387513
0.39978
0.563226
0.650665
0.461881
0.372283
0.428065
0.610078
0.229907
0.372826
0.469959
0.498566
0.549125
0.378732
0.492887
0.292099
0.411621
0.365875
0.372826
0.469959
0.498566
0.498747
0.369965
0.302896
0.378181
0.521389
0.376708
0.343159
0.419189
0.596919
0.542588
0.453648
0.453648
0.312498
0.470543
0.315998
0.372826
0.376535
0.596919
0.49846
0.404876
0.654286
0.331529
0.651114
0.322485
0.315236
0.426665
0.49846
0.49846
0.386395
0.373599
0.399028
0.659687
0.342398
0.368528
0.426665
0.49846
0.625124
0.344696
0.347683
0.325335
0.667407
0.234898
0.374414
0.365947
0.586253
0.686663
0.501107
0.492736
0.40197
0.722796
0.512955
0.318858
0.361887
0.586253
0.493132
0.333563
0.34988
0.384807
0.642296
0.333169
0.325637
0.39425
0.493132
0.493132
0.338633
0.374019
0.368737
0.704616
0.378152
0.378152
0.405283
0.493132
0.505944
0.34988
0.374019
0.385958
0.642296
0.352876
0.406204
0.357625
0.485985
0.505944
0.534569
0.487766
0.485108
0.704616
0.367983
0.367983
0.357625
0.485985
0.492778
0.343924
0.475368
0.430312
0.9378
0.344355
0.374195
0.407869
0.492778
0.492778
0.32845
0.407869
0.397499
0.537327
0.355597
0.331386
0.356351
0.492778
0.481737
0.377808
0.475368
0.430312
0.704616
0.359292
0.536075
0.400358
0.481737
0.449827
0.358234
0.387977
0.476169
0.506252
0.359292
0.33416
0.400358
0.481737
0.458797
0.336607
0.467497
0.46513
0.662072
0.385803
0.348593
0.348593
0.458797
0.458797
0.332453
0.342047
0.440035
0.704556
0.415745
0.415745
0.298982
0.458797
0.390888
0.324063
0.437364
0.523516
0.748871
0.46446
0.512024
0.470903
0.524931
0.443458
0.443458
0.447734
0.415653
0.704556
0.411949
0.384192
0.470903
0.470903
0.469912
0.393769
0.413902
0.50193
0.701279
0.435351
0.423125
0.333587
0.469912
0.524071
0.334452
0.358056
0.438021
0.882568
0.490665
0.70301
0.664492
0.546731
0.445287
0.372038
0.313838
0.343058
0.701279
0.481037
0.417327
0.38307
0.464347
0.463449
0.261273
0.290146
0.438021
0.722433
0.490665
0.490665
0.412718
0.464347
0.464841
0.396863
0.399874
0.335375
0.501719
0.384353
0.454939
0.368629
0.518587
0.488043
0.367525
0.36918
0.36918
0.675154
0.399695
0.454939
0.454939
0.518587
0.463517
0.371003
0.371003
0.335375
0.501719
0.381968
0.410176
0.397828
0.468806
0.463517
0.371003
0.418655
0.331265
0.675154
0.296936
0.410176
0.454939
0.468831
0.639121
0.49642
0.49642
0.49642
0.644351
0.295805
0.333775
0.40225
0.578294
0.49607
0.444341
0.344777
0.384107
0.560026
0.398064
0.395156
0.440829
0.578294
0.468328
0.385325
0.370892
0.435767
0.644351
0.298082
0.311784
0.400452
0.468328
0.468328
0.455615
0.334039
0.375645
0.416554
0.416554
0.405552
0.384018
0.468328
0.515333
0.39215
0.484037
0.47479
0.870378
0.465756
0.398189
0.433749
0.53763
0.497963
0.39215
0.39215
0.281902
0.477655
0.354342
0.351639
0.331921
0.53763
0.476756
0.357298
0.338704
0.393447
0.483094
0.465756
0.330209
0.341451
0.476756
0.476756
0.338704
0.338704
0.244322
0.374084
0.271566
0.351344
0.331921
0.476756
0.505909
0.669351
0.669351
0.399356
0.592756
0.468975
0.302388
0.347216
0.498753
0.542996
0.414993
0.334417
0.315206
0.52642
0.395292
0.36397
0.395292
0.542996
0.478835
0.384334
0.392599
0.33426
0.549831
0.397477
0.397477
0.410718
0.478835
0.579567
0.360034
0.360034
0.16852
0.644621
0.214515
0.225249
0.18627
0.480393
0.517384
0.46919
0.526397
0.259471
0.473666
0.382978
0.289623
0.289623
0.498753
0.529747
0.46919
0.367127
0.269994
0.532354
0.626133
0.700529
0.700529
0.529747
0.482847
0.359342
0.304889
0.229711
0.575074
0.225511
0.283011
0.226774
0.482847
0.482847
0.384643
0.337536
0.505703
0.606805
0.324291
0.385341
0.357103
0.482847
0.576189
0.576189
0.440596
0.348799
0.489155
0.417236
0.41809
0.363872
0.498753
0.530822
0.470076
0.482946
0.387734
0.537029
0.504984
0.562376
0.562376
0.530822
0.49552
0.390999
0.482946
0.222745
0.408588
0.310093
0.329417
0.329417
0.49552
0.49552
0.390224
0.482946
0.387734
0.537029
0.368336
0.41809
0.41809
0.49552
0.58949
0.54116
0.54116
0.47491
0.397368
0.304761
0.404187
0.426989
0.569752
0.530826
0.391846
0.447863
0.34707
0.397368
0.391783
0.50042
0.515526
0.530826
0.495871
0.350517
0.447863
0.360447
0.428658
0.304696
0.419298
0.387333
0.495871
0.495871
0.327536
0.331839
0.28211
0.397368
0.196904
0.351188
0.404187
0.495871
0.577546
0.440958
0.562204
0.534131
0.51969
0.307604
0.378098
0.455454
0.559116
0.53021
0.400423
0.255767
0.273257
0.490915
0.316342
0.388783
0.463847
0.531436
0.495592
0.359053
0.359053
0.373209
0.420215
0.169545
0.437262
0.373767
0.495592
0.495592
0.312771
0.30015
0.240027
0.512899
0.183432
0.337227
0.373767
0.514871
0.498753
0.452192
0.507036
0.42074
0.815602
0.360121
0.325075
0.389506
0.498753
0.541322
0.381726
0.426955
0.234218
0.610058
0.360962
0.366576
0.482478
0.541322
0.495412
0.291529
0.245175
0.279957
0.527949
0.165458
0.295983
0.391532
0.495412
0.495412
0.294187
0.287878
0.240296
0.55179
0.266554
0.298876
0.389506
0.603994
0.502258
0.316005
0.380558
0.292885
0.326361
0.31889
0.310616
0.419843
0.498753
0.525915
0.279581
0.438117
0.25698
0.854853
0.438961
0.474333
0.547015
0.59093
0.495939
0.407868
0.392808
0.263788
0.459011
0.31889
0.326142
0.3532
0.495939
0.495939
0.320813
0.470047
0.151478
0.598616
0.31889
0.284863
0.3532
0.567813
0.498753
0.351729
0.301093
0.331812
0.574883
0.258438
0.316248
0.404093
0.560469
0.521941
0.38442
0.378175
0.277972
0.740646
0.682518
0.475758
0.475758
0.745593
0.495446
0.345387
0.30735
0.185633
0.67794
0.238812
0.346391
0.430462
0.495446
0.495446
0.37565
0.358575
0.290469
0.866655
0.463639
0.349474
0.430462
0.495446
0.543998
0.413519
0.414369
0.459009
0.511961
0.343817
0.426348
0.378549
0.613999
0.528763
0.405385
0.418613
0.454295
0.70461
0.467572
0.513281
0.496685
0.544125
0.47945
0.380567
0.373509
0.175014
0.497972
0.407562
0.342943
0.413536
0.47945
0.47945
0.437871
0.475621
0.472524
0.70461
0.438462
0.342943
0.413536
0.47945
0.498753
0.581362
0.773536
0.437808
0.800661
0.382656
0.338254
0.456265
0.530916
0.538785
0.401525
0.408289
0.435158
0.498729
0.359875
0.374421
0.456265
0.498753
0.591935
0.445245
0.435158
0.390256
0.71062
0.278759
0.371983
0.371983
0.466593
0.591935
0.468543
0.408289
0.375545
0.562952
0.359875
0.371983
0.404741
0.466593
0.648295
0.616031
0.616031
0.627785
0.677771
0.414145
0.353142
0.340592
0.582782
0.526666
0.365286
0.453402
0.384805
0.672551
0.403223
0.419302
0.414553
0.490655
0.537499
0.397277
0.481571
0.522334
0.518988
0.433854
0.351246
0.196683
0.382003
0.537499
0.359341
0.408742
0.379499
0.672551
0.403223
0.286749
0.375016
0.375016
0.447954
0.259607
0.236397
0.344812
0.486307
0.382325
0.471622
0.402968
0.474773
0.544448
0.429294
0.4377
0.390823
0.750777
0.528426
0.672357
0.574849
0.62824
0.393059
0.347293
0.336672
0.33313
0.555985
0.438798
0.382325
0.311577
0.453474
0.475202
0.522611
0.353588
0.406775
0.498214
0.461126
0.426211
0.436448
0.474773
0.488383
0.364706
0.41277
0.253097
0.342199
0.299564
0.424377
0.500467
0.488383
0.703762
0.408106
0.364706
0.386747
0.789524
0.429922
0.424377
0.630066
0.703762
0.559117
0.482879
0.364706
0.316234
0.312872
0.248597
0.401753
0.389589
0.475945
0.474751
0.347932
0.35819
0.316234
0.601974
0.299674
0.401753
0.425882
0.475945
0.664026
0.501116
0.501116
0.453333
0.44439
0.332813
0.303123
0.460247
0.498833
0.690945
0.479391
0.334288
0.288399
0.616313
0.286245
0.380377
0.559106
0.693745
0.475171
0.346539
0.334526
0.44439
0.534603
0.304742
0.354514
0.437679
0.475171
0.475171
0.378625
0.374948
0.283657
0.410075
0.22413
0.366643
0.383484
0.466538
0.509301
0.73911
0.560258
0.521289
0.954616
0.338607
0.287881
0.397279
0.515312
0.515312
0.453419
0.375301
0.305394
0.44771
0.346872
0.236873
0.246625
0.515312
0.478581
0.322071
0.417702
0.417702
0.587207
0.241825
0.551328
0.359204
0.605953
0.478581
0.355809
0.366277
0.27487
0.44771
0.335378
0.22266
0.315004
0.605953
0.698522
0.500816
0.500816
0.419053
0.637447
0.322038
0.376904
0.335778
0.706946
0.525427
0.364417
0.364417
0.253841
0.505684
0.218738
0.40778
0.258659
0.498752
0.490977
0.45121
0.322489
0.419053
0.637447
0.299126
0.376904
0.301244
0.536621
0.536621
0.371669
0.343099
0.343365
0.423214
0.0872075
0.376904
0.243642
0.492439
0.717696
0.485531
0.485531
0.207761
0.457887
0.273582
0.401634
0.333071
0.647317
0.509589
0.467235
0.372621
0.403343
0.541906
0.472532
0.518145
0.518145
0.498749
0.502105
0.372621
0.296782
0.213934
0.44576
0.147435
0.263271
0.207465
0.546792
0.502105
0.400776
0.31929
0.276908
0.511819
0.165232
0.405486
0.419293
0.501544
0.699292
0.606003
0.566135
0.414021
0.478053
0.298888
0.338171
0.351917
0.498735
0.52971
0.453357
0.42048
0.256419
0.461587
0.461587
0.597121
0.597121
0.763584
0.467605
0.42077
0.42048
0.263426
0.470125
0.298888
0.353724
0.338161
0.530806
0.515497
0.42077
0.389353
0.208901
0.629143
0.443658
0.317339
0.407243
0.530806
0.517031
0.517031
0.605003
0.484499
0.654813
0.320133
0.485936
0.401733
0.538677
0.636707
0.477421
0.386509
0.343647
0.487067
0.206708
0.453747
0.800736
0.701601
0.487434
0.386509
0.342859
0.265457
0.576469
0.373205
0.35146
0.362553
0.487434
0.487434
0.273697
0.383439
0.150012
0.457135
0.224877
0.323381
0.399852
0.487434
0.620358
0.616661
0.616661
0.468457
0.515162
0.272191
0.384423
0.513358
0.600247
0.498485
0.301026
0.352983
0.272408
0.673028
0.365579
0.356616
0.55759
0.591815
0.497463
0.240071
0.352354
0.0961095
0.542064
0.251198
0.370721
0.421202
0.497463
0.497463
0.284945
0.498463
0.260842
0.622234
0.337111
0.314846
0.34082
0.497463
0.602441
0.399223
0.319757
0.382579
0.610163
0.242925
0.352543
0.451638
0.602441
0.562957
0.480341
0.296983
0.242739
0.665631
0.297768
0.455597
0.571404
0.727707
0.480087
0.184662
0.272208
0.150562
0.592811
0.356488
0.272324
0.399798
0.480087
0.559195
0.253232
0.299535
0.268246
0.629211
0.122072
0.30363
0.32725
0.480087
0.676175
0.43724
0.39955
0.264225
0.562927
0.231913
0.493736
0.395402
0.676175
0.515735
0.319724
0.363056
0.177368
0.873783
0.200324
0.484765
0.487955
0.63607
0.470416
0.291149
0.286495
0.0893214
0.510704
0.195881
0.217405
0.220176
0.48167
0.499646
0.302309
0.286682
0.220478
0.541737
0.194556
0.275793
0.385127
0.526904
0.598847
0.446519
0.491393
0.270739
0.792345
0.217539
0.364845
0.45109
0.572573
0.513191
0.384856
0.370849
0.298227
0.775273
0.452049
0.503072
0.604594
0.508505
0.472
0.382335
0.321593
0.202281
0.612467
0.118399
0.231397
0.357988
0.585109
0.472
0.382335
0.385341
0.317047
0.608853
0.452049
0.327856
0.357988
0.472
0.641667
0.479121
0.492151
0.212885
0.43564
0.328623
0.328623
0.395341
0.608483
0.699656
0.479121
0.389987
0.39138
0.633866
0.405512
0.550608
0.550608
0.634644
0.501134
0.389987
0.336235
0.210366
0.422852
0.263778
0.265515
0.262134
0.501134
0.572759
0.424891
0.377367
0.312631
0.624794
0.373952
0.428572
0.428572
0.514557
0.768976
0.636651
0.611824
0.383336
0.654428
0.345726
0.386992
0.440741
0.624181
0.526429
0.48826
0.454093
0.370653
0.592994
0.371747
0.432061
0.444901
0.503619
0.500272
0.454093
0.370653
0.322479
0.408138
0.334191
0.334191
0.355307
0.496511
0.570045
0.40838
0.400423
0.350198
0.505613
0.342728
0.386992
0.386992
0.486249
0.736598
0.615445
0.638461
0.622766
0.586264
0.388054
0.295689
0.407583
0.680945
0.56247
0.393126
0.467501
0.390751
0.560133
0.460616
0.378953
0.333943
0.515517
0.504095
0.442164
0.406057
0.443486
0.511655
0.364524
0.340491
0.438681
0.448536
0.501066
0.442164
0.382632
0.378632
0.685041
0.396834
0.378953
0.388313
0.490176
